humains
0 1 0
0 1 1
0 1 2
0 1 3
0 1 4
0 2 5
0 2 6
0 2 7
0 2 8
0 2 9
0 3 10
0 3 11
0 3 12
0 3 13
0 3 14
0 4 15
0 4 16
0 4 17
0 4 18
0 4 19
0 5 20
0 5 21
0 5 22
0 5 23
0 5 24
0 6 25
0 6 26
0 6 27
0 6 28
0 6 29
0 7 30
0 7 31
0 7 32
0 7 33
0 7 34
0 8 35
0 8 36
0 8 37
0 8 38
0 8 39
0 9 40
0 9 41
0 9 42
0 9 43
0 9 44
1 0 45
1 0 46
1 0 47
1 0 48
1 0 49
1 2 50
1 2 51
1 2 52
1 2 53
1 2 54
1 3 55
1 3 56
1 3 57
1 3 58
1 3 59
1 4 60
1 4 61
1 4 62
1 4 63
1 4 64
1 5 65
1 5 66
1 5 67
1 5 68
1 5 69
1 6 70
1 6 71
1 6 72
1 6 73
1 6 74
1 7 75
1 7 76
1 7 77
1 7 78
1 7 79
1 8 80
1 8 81
1 8 82
1 8 83
1 8 84
1 9 85
1 9 86
1 9 87
1 9 88
1 9 89
2 0 90
2 0 91
2 0 92
2 0 93
2 0 94
2 1 95
2 1 96
2 1 97
2 1 98
2 1 99
2 3 100
2 3 101
2 3 102
2 3 103
2 3 104
2 4 105
2 4 106
2 4 107
2 4 108
2 4 109
2 5 110
2 5 111
2 5 112
2 5 113
2 5 114
2 6 115
2 6 116
2 6 117
2 6 118
2 6 119
2 7 120
2 7 121
2 7 122
2 7 123
2 7 124
2 8 125
2 8 126
2 8 127
2 8 128
2 8 129
2 9 130
2 9 131
2 9 132
2 9 133
2 9 134
3 0 135
3 0 136
3 0 137
3 0 138
3 0 139
3 1 140
3 1 141
3 1 142
3 1 143
3 1 144
3 2 145
3 2 146
3 2 147
3 2 148
3 2 149
3 4 150
3 4 151
3 4 152
3 4 153
3 4 154
3 5 155
3 5 156
3 5 157
3 5 158
3 5 159
3 6 160
3 6 161
3 6 162
3 6 163
3 6 164
3 7 165
3 7 166
3 7 167
3 7 168
3 7 169
3 8 170
3 8 171
3 8 172
3 8 173
3 8 174
3 9 175
3 9 176
3 9 177
3 9 178
3 9 179
4 0 180
4 0 181
4 0 182
4 0 183
4 0 184
4 1 185
4 1 186
4 1 187
4 1 188
4 1 189
4 2 190
4 2 191
4 2 192
4 2 193
4 2 194
4 3 195
4 3 196
4 3 197
4 3 198
4 3 199
4 5 200
4 5 201
4 5 202
4 5 203
4 5 204
4 6 205
4 6 206
4 6 207
4 6 208
4 6 209
4 7 210
4 7 211
4 7 212
4 7 213
4 7 214
4 8 215
4 8 216
4 8 217
4 8 218
4 8 219
4 9 220
4 9 221
4 9 222
4 9 223
4 9 224
5 0 225
5 0 226
5 0 227
5 0 228
5 0 229
5 1 230
5 1 231
5 1 232
5 1 233
5 1 234
5 2 235
5 2 236
5 2 237
5 2 238
5 2 239
5 3 240
5 3 241
5 3 242
5 3 243
5 3 244
5 4 245
5 4 246
5 4 247
5 4 248
5 4 249
5 6 250
5 6 251
5 6 252
5 6 253
5 6 254
5 7 255
5 7 256
5 7 257
5 7 258
5 7 259
5 8 260
5 8 261
5 8 262
5 8 263
5 8 264
5 9 265
5 9 266
5 9 267
5 9 268
5 9 269
6 0 270
6 0 271
6 0 272
6 0 273
6 0 274
6 1 275
6 1 276
6 1 277
6 1 278
6 1 279
6 2 280
6 2 281
6 2 282
6 2 283
6 2 284
6 3 285
6 3 286
6 3 287
6 3 288
6 3 289
6 4 290
6 4 291
6 4 292
6 4 293
6 4 294
6 5 295
6 5 296
6 5 297
6 5 298
6 5 299
6 7 300
6 7 301
6 7 302
6 7 303
6 7 304
6 8 305
6 8 306
6 8 307
6 8 308
6 8 309
6 9 310
6 9 311
6 9 312
6 9 313
6 9 314
7 0 315
7 0 316
7 0 317
7 0 318
7 0 319
7 1 320
7 1 321
7 1 322
7 1 323
7 1 324
7 2 325
7 2 326
7 2 327
7 2 328
7 2 329
7 3 330
7 3 331
7 3 332
7 3 333
7 3 334
7 4 335
7 4 336
7 4 337
7 4 338
7 4 339
7 5 340
7 5 341
7 5 342
7 5 343
7 5 344
7 6 345
7 6 346
7 6 347
7 6 348
7 6 349
7 8 350
7 8 351
7 8 352
7 8 353
7 8 354
7 9 355
7 9 356
7 9 357
7 9 358
7 9 359
8 0 360
8 0 361
8 0 362
8 0 363
8 0 364
8 1 365
8 1 366
8 1 367
8 1 368
8 1 369
8 2 370
8 2 371
8 2 372
8 2 373
8 2 374
8 3 375
8 3 376
8 3 377
8 3 378
8 3 379
8 4 380
8 4 381
8 4 382
8 4 383
8 4 384
8 5 385
8 5 386
8 5 387
8 5 388
8 5 389
8 6 390
8 6 391
8 6 392
8 6 393
8 6 394
8 7 395
8 7 396
8 7 397
8 7 398
8 7 399
8 9 400
8 9 401
8 9 402
8 9 403
8 9 404
9 0 405
9 0 406
9 0 407
9 0 408
9 0 409
9 1 410
9 1 411
9 1 412
9 1 413
9 1 414
9 2 415
9 2 416
9 2 417
9 2 418
9 2 419
9 3 420
9 3 421
9 3 422
9 3 423
9 3 424
9 4 425
9 4 426
9 4 427
9 4 428
9 4 429
9 5 430
9 5 431
9 5 432
9 5 433
9 5 434
9 6 435
9 6 436
9 6 437
9 6 438
9 6 439
9 7 440
9 7 441
9 7 442
9 7 443
9 7 444
9 8 445
9 8 446
9 8 447
9 8 448
9 8 449
